## cameras.txt
This file contains the intrisic/extrinsic parameters of cameras.

```
# One line of data per image:
# IMAGE_ID, FX, FY, PX, PY, SKEW, TRANSLATION VECTOR (3x1), ROTATION MATRIX (3x3).
0 3995.67 3995.67 2304 1728 0 63.6722 -28.8643 53.9166 0.919771 -0.39198 0.0192924 -0.390128 -0.918559 -0.0636394 0.0426665 0.0510072 -0.997786 
1 3995.67 3995.67 2304 1728 0 42.5446 -29.6565 53.7087 0.920426 -0.390256 0.0227155 -0.387471 -0.91847 -0.0792399 0.0517874 0.0641329 -0.996597 
2 3995.67 3995.67 2304 1728 0 -0.670276 -46.8927 76.4343 0.587792 0.0768202 0.805356 -0.632594 -0.576902 0.51673 0.504307 -0.813193 -0.290502 
```