0 2341.98 2341.98 2000 1500 0 60.4737 -39.3283 0.0152129 0.583224 -0.812114 -0.0178904 -0.812223 -0.583344 0.00190722 -0.0119852 0.0134187 -0.999838 
1 2341.98 2341.98 2000 1500 0 54.8439 -39.6522 -0.294771 0.578193 -0.815608 -0.0218191 -0.81578 -0.57836 0.00172121 -0.0140232 0.0168044 -0.99976 
2 2341.98 2341.98 2000 1500 0 45.0263 -38.8363 -0.28764 0.589331 -0.807594 -0.0219126 -0.807797 -0.589461 -0.000670831 -0.0123749 0.0180963 -0.99976 
3 2341.98 2341.98 2000 1500 0 35.1453 -38.9109 -0.227781 0.596999 -0.801965 -0.0210942 -0.802178 -0.597077 -0.0030807 -0.0101242 0.0187605 -0.999773 
4 2341.98 2341.98 2000 1500 0 24.7426 -39.0956 0.376431 0.601913 -0.798348 -0.0184437 -0.798533 -0.601925 -0.0055469 -0.00667336 0.0180667 -0.999815 
5 2341.98 2341.98 2000 1500 0 15.827 -39.1897 0.944606 0.604266 -0.796619 -0.016116 -0.796767 -0.604256 -0.00605355 -0.00491579 0.0164986 -0.999852 
6 2341.98 2341.98 2000 1500 0 6.12586 -39.1798 1.26294 0.606603 -0.794897 -0.01312 -0.795 -0.606576 -0.00637501 -0.00289078 0.0142975 -0.999894 
7 2341.98 2341.98 2000 1500 0 -4.11141 -39.4494 1.26365 0.607863 -0.793926 -0.0135273 -0.794038 -0.607826 -0.0071943 -0.00251048 0.0151143 -0.999883 
8 2341.98 2341.98 2000 1500 0 -14.1892 -39.8544 1.41244 0.607907 -0.793891 -0.01364 -0.794006 -0.607856 -0.00808565 -0.00187203 0.0157456 -0.999874 
9 2341.98 2341.98 2000 1500 0 -24.1438 -40.2887 1.46999 0.608468 -0.793492 -0.0117049 -0.793578 -0.60839 -0.00976338 0.00062605 0.0152294 -0.999884 
10 2341.98 2341.98 2000 1500 0 -33.3636 -40.2704 1.36536 0.612598 -0.790366 -0.0067312 -0.790383 -0.612519 -0.0107508 0.00437408 0.0119061 -0.99992 
11 2341.98 2341.98 2000 1500 0 -43.4675 -40.693 1.28154 0.614545 -0.788871 -0.00404444 -0.788852 -0.61447 -0.0118267 0.00684456 0.0104585 -0.999922 
12 2341.98 2341.98 2000 1500 0 -53.3043 -41.1865 1.45132 0.617212 -0.786789 -0.00357971 -0.786756 -0.617126 -0.0130799 0.00808201 0.0108894 -0.999908 
13 2341.98 2341.98 2000 1500 0 -59.2862 -39.3285 1.48621 0.602521 -0.798102 0.0012196 -0.798013 -0.602475 -0.0141094 0.0119955 0.00752794 -0.9999 
14 2341.98 2341.98 2000 1500 0 -59.0864 -31.7777 2.14929 0.610478 -0.792017 0.00502687 -0.791858 -0.610464 -0.0171783 0.0166742 0.00650641 -0.99984 
15 2341.98 2341.98 2000 1500 0 -56.5845 -26.8075 1.9894 0.573645 -0.819024 0.0115025 -0.818779 -0.573756 -0.0201153 0.0230745 0.00212101 -0.999731 
16 2341.98 2341.98 2000 1500 0 -46.4688 -28.6692 1.13606 0.601662 -0.798515 0.0193983 -0.798324 -0.601957 -0.0180428 0.0260844 -0.00463041 -0.999649 
17 2341.98 2341.98 2000 1500 0 -37.0609 -28.2289 0.866702 0.601883 -0.798354 0.0191671 -0.798166 -0.602172 -0.0179196 0.025848 -0.00451297 -0.999656 
18 2341.98 2341.98 2000 1500 0 -27.3417 -28.4362 0.485567 0.607419 -0.794183 0.017732 -0.794026 -0.607664 -0.0163528 0.0237622 -0.00414665 -0.999709 
19 2341.98 2341.98 2000 1500 0 -17.3421 -28.3154 0.695248 0.612058 -0.790628 0.0170995 -0.79046 -0.612287 -0.0166255 0.0236144 -0.00334073 -0.999716 
20 2341.98 2341.98 2000 1500 0 -7.4283 -28.1455 0.995158 0.614429 -0.788796 0.0166932 -0.788634 -0.614647 -0.0162757 0.0230986 -0.00316461 -0.999728 
21 2341.98 2341.98 2000 1500 0 3.56648 -28.1245 1.55908 0.629521 -0.77682 0.0159035 -0.77669 -0.629714 -0.0145793 0.0213402 -0.00317413 -0.999767 
22 2341.98 2341.98 2000 1500 0 13.2928 -27.5339 1.81043 0.62985 -0.776622 0.0121274 -0.776506 -0.629966 -0.0134503 0.0180857 -0.000945326 -0.999836 
23 2341.98 2341.98 2000 1500 0 23.6493 -27.1016 1.95983 0.627518 -0.778547 0.00924946 -0.778459 -0.627586 -0.0116736 0.0148933 0.000125047 -0.999889 
24 2341.98 2341.98 2000 1500 0 33.5501 -26.5217 1.70204 0.627356 -0.778666 0.0102283 -0.778559 -0.627439 -0.0128608 0.0164319 0.000104993 -0.999865 
25 2341.98 2341.98 2000 1500 0 43.1426 -25.7546 1.70851 0.626842 -0.779103 0.00825354 -0.779028 -0.626896 -0.0108067 0.0135936 0.000344343 -0.999908 
26 2341.98 2341.98 2000 1500 0 53.4721 -25.0172 1.8907 0.62622 -0.779543 0.0127266 -0.779538 -0.626322 -0.00649948 0.0130376 -0.00585077 -0.999898 
27 2341.98 2341.98 2000 1500 0 62.3172 -24.858 2.27804 0.623541 -0.781606 0.0169752 -0.781665 -0.623683 -0.00440457 0.0140298 -0.0105225 -0.999846 
28 2341.98 2341.98 2000 1500 0 62.4614 -19.0165 2.8635 0.627071 -0.778716 0.0195874 -0.778789 -0.627264 -0.00533627 0.0164419 -0.0119082 -0.999794 
29 2341.98 2341.98 2000 1500 0 60.939 -13.5668 3.46478 0.62424 -0.781082 0.0153277 -0.781037 -0.624402 -0.0101233 0.0174778 -0.00565216 -0.999831 
30 2341.98 2341.98 2000 1500 0 52.2569 -16.4267 2.42398 0.597599 -0.801768 0.00657308 -0.801706 -0.597635 -0.00998017 0.0119301 0.000694462 -0.999929 
31 2341.98 2341.98 2000 1500 0 42.7168 -16.1254 1.55127 0.598856 -0.800854 0.00215038 -0.800828 -0.598855 -0.00681915 0.00674891 0.0023616 -0.999974 
32 2341.98 2341.98 2000 1500 0 33.0311 -16.1334 1.1319 0.601185 -0.799107 0.00222885 -0.799105 -0.601189 -0.00184334 0.00281298 -0.000672903 -0.999996 
33 2341.98 2341.98 2000 1500 0 23.0614 -16.2944 1.00226 0.602298 -0.798268 0.00220351 -0.798269 -0.602301 -0.000634297 0.00183352 -0.00137696 -0.999997 
34 2341.98 2341.98 2000 1500 0 13.0034 -16.6132 0.939559 0.602372 -0.798214 0.00150438 -0.798214 -0.602373 -0.000422755 0.00124365 -0.000946164 -0.999999 
35 2341.98 2341.98 2000 1500 0 3.17975 -16.7724 0.926344 0.603546 -0.797308 0.00575097 -0.797321 -0.603556 -9.23125e-05 0.00354463 -0.00452965 -0.999983 
36 2341.98 2341.98 2000 1500 0 -6.45007 -16.9754 0.718118 0.605377 -0.795905 0.00741617 -0.795933 -0.605383 0.00164187 0.00318285 -0.00689672 -0.999971 
37 2341.98 2341.98 2000 1500 0 -16.4861 -17.1705 0.905475 0.606048 -0.795406 0.00584027 -0.795427 -0.606043 0.0027995 0.00131271 -0.00634214 -0.999979 
38 2341.98 2341.98 2000 1500 0 -26.5862 -17.4123 1.26326 0.60464 -0.796491 0.00352072 -0.796499 -0.60463 0.00348035 -0.00064333 -0.00490861 -0.999988 
39 2341.98 2341.98 2000 1500 0 -36.8363 -17.6582 1.63891 0.605178 -0.79609 -6.62784e-05 -0.796082 -0.605173 0.00430568 -0.00346782 -0.00255294 -0.999991 
40 2341.98 2341.98 2000 1500 0 -46.6434 -17.4736 1.43261 0.601102 -0.799165 0.00357197 -0.799172 -0.601099 0.00198255 0.000562724 -0.00404633 -0.999992 
41 2341.98 2341.98 2000 1500 0 -56.6773 -17.8047 1.52136 0.597057 -0.802164 0.0074889 -0.802181 -0.59708 -0.00110258 0.00535592 -0.00534915 -0.999971 
42 2341.98 2341.98 2000 1500 0 -60.4716 -17.7154 1.33405 0.614073 -0.789168 0.0112952 -0.789171 -0.614151 -0.0052932 0.0111142 -0.00566341 -0.999922 
43 2341.98 2341.98 2000 1500 0 -60.4675 -8.85224 1.35935 0.606968 -0.794615 0.0133109 -0.794501 -0.607109 -0.0136767 0.0189489 -0.00227424 -0.999818 
44 2341.98 2341.98 2000 1500 0 -55.6004 -5.05817 1.17323 0.572121 -0.82006 0.0133876 -0.819838 -0.572278 -0.0190495 0.0232832 -7.70489e-05 -0.999729 
45 2341.98 2341.98 2000 1500 0 -45.7917 -5.76229 1.32018 0.584975 -0.810941 0.0133982 -0.810771 -0.585127 -0.0166365 0.0213309 -0.00113095 -0.999772 
46 2341.98 2341.98 2000 1500 0 -36.4439 -5.86542 1.6783 0.590246 -0.80719 0.00738063 -0.807049 -0.590284 -0.0153853 0.0167755 0.00312457 -0.999854 
47 2341.98 2341.98 2000 1500 0 -27.5185 -5.51675 1.20084 0.593162 -0.805062 0.00585796 -0.804979 -0.593187 -0.0117701 0.0129506 0.00226606 -0.999914 
48 2341.98 2341.98 2000 1500 0 -18.7663 -5.41607 0.777967 0.595012 -0.803713 0.00249155 -0.803662 -0.595005 -0.00983222 0.00938476 0.00384793 -0.999949 
49 2341.98 2341.98 2000 1500 0 -9.61835 -5.31776 0.184737 0.596079 -0.802922 -0.00247042 -0.802909 -0.596044 -0.00826435 0.00516315 0.00690973 -0.999963 
50 2341.98 2341.98 2000 1500 0 -0.57355 -5.40682 0.217948 0.597385 -0.801912 -0.00828049 -0.801953 -0.597336 -0.00780574 0.00131328 0.0113036 -0.999935 
51 2341.98 2341.98 2000 1500 0 8.78947 -5.50155 0.308709 0.59861 -0.800956 -0.0116429 -0.80104 -0.59857 -0.00706476 -0.00131052 0.0135554 -0.999907 
52 2341.98 2341.98 2000 1500 0 18.9785 -5.33725 0.314868 0.600471 -0.799521 -0.0141798 -0.799629 -0.600481 -0.00403876 -0.00528563 0.0137637 -0.999891 
53 2341.98 2341.98 2000 1500 0 29.738 -5.29688 0.140865 0.599724 -0.800067 -0.0149764 -0.800185 -0.599742 -0.0037886 -0.00595087 0.014256 -0.999881 
54 2341.98 2341.98 2000 1500 0 39.3268 -5.14649 0.162986 0.602697 -0.797895 -0.0109722 -0.797969 -0.602662 -0.00662875 -0.0013235 0.0127506 -0.999918 
55 2341.98 2341.98 2000 1500 0 49.545 -4.82434 0.145282 0.604556 -0.796537 -0.00646477 -0.796562 -0.604543 -0.00396523 -0.000749781 0.0075468 -0.999971 
56 2341.98 2341.98 2000 1500 0 59.6335 -4.27832 0.623527 0.607096 -0.794628 0.0002687 -0.794623 -0.607094 -0.00345381 0.00290762 0.00188328 -0.999994 
57 2341.98 2341.98 2000 1500 0 61.8387 -0.906743 2.07651 0.609731 -0.79254 0.0103875 -0.792474 -0.609816 -0.0104245 0.0145963 -0.00187572 -0.999892 
58 2341.98 2341.98 2000 1500 0 61.3827 7.20569 3.43767 0.61587 -0.787669 0.0168025 -0.787412 -0.616098 -0.0201419 0.0262171 -0.000825738 -0.999656 
59 2341.98 2341.98 2000 1500 0 55.0035 5.79397 3.02801 0.60207 -0.798264 0.0169228 -0.797918 -0.602307 -0.0235229 0.0289702 0.000659467 -0.99958 
60 2341.98 2341.98 2000 1500 0 46.217 6.36458 2.25298 0.606821 -0.794667 0.0165264 -0.794378 -0.607046 -0.0214074 0.027044 -0.000137782 -0.999634 
61 2341.98 2341.98 2000 1500 0 36.5418 6.44625 1.43515 0.609469 -0.792701 0.0131388 -0.792486 -0.60961 -0.0185003 0.0226747 0.000863052 -0.999743 
62 2341.98 2341.98 2000 1500 0 26.4632 6.36785 0.825914 0.609661 -0.792589 0.0107198 -0.792446 -0.609755 -0.0150922 0.0184984 0.000706233 -0.999829 
63 2341.98 2341.98 2000 1500 0 16.5908 5.93557 0.608388 0.606077 -0.795352 0.009328 -0.795266 -0.606148 -0.0116609 0.0149286 -0.000350867 -0.999889 
64 2341.98 2341.98 2000 1500 0 6.30859 5.88575 0.177031 0.604314 -0.796728 0.00540114 -0.796693 -0.604338 -0.00746116 0.00920863 0.000205843 -0.999958 
65 2341.98 2341.98 2000 1500 0 -3.77171 5.65257 0.248059 0.600525 -0.799603 -0.0018577 -0.799603 -0.600515 -0.00413723 0.00219257 0.00396993 -0.99999 
66 2341.98 2341.98 2000 1500 0 -14.1182 5.02033 0.41593 0.594959 -0.803702 -0.00931716 -0.803755 -0.594899 -0.00853478 0.00131665 0.0125666 -0.99992 
67 2341.98 2341.98 2000 1500 0 -23.9598 4.88863 1.12188 0.587963 -0.808757 -0.0145775 -0.808886 -0.587905 -0.00838459 -0.00178912 0.0167214 -0.999859 
68 2341.98 2341.98 2000 1500 0 -33.6812 5.18821 1.56934 0.587493 -0.809047 -0.0171615 -0.80922 -0.587456 -0.00766126 -0.00388331 0.0183884 -0.999823 
69 2341.98 2341.98 2000 1500 0 -43.2504 5.54576 1.5605 0.582501 -0.812728 -0.0129219 -0.812812 -0.58252 -0.00260204 -0.00541254 0.0120188 -0.999913 
70 2341.98 2341.98 2000 1500 0 -53.233 5.68794 1.38236 0.581852 -0.813232 -0.0100633 -0.813284 -0.581862 -0.00218338 -0.00407986 0.00945473 -0.999947 
71 2341.98 2341.98 2000 1500 0 -60.3005 5.66045 1.39173 0.580712 -0.814082 -0.00665018 -0.814107 -0.580668 -0.00740104 0.00216351 0.00971182 -0.99995 
72 2341.98 2341.98 2000 1500 0 -60.2628 12.797 1.51062 0.584174 -0.811619 -0.00389853 -0.811577 -0.584077 -0.0140204 0.00910215 0.0113543 -0.999894 
73 2341.98 2341.98 2000 1500 0 -57.6649 17.2947 1.76618 0.57294 -0.819596 -0.00133991 -0.819458 -0.572812 -0.019359 0.015099 0.0121895 -0.999812 
74 2341.98 2341.98 2000 1500 0 -48.6035 18.1518 1.24915 0.561671 -0.827356 -0.00258858 -0.827246 -0.561539 -0.0184086 0.0137769 0.012481 -0.999827 
75 2341.98 2341.98 2000 1500 0 -39.6146 18.359 0.793724 0.557358 -0.830264 -0.00365221 -0.830163 -0.557208 -0.0186602 0.0134578 0.0134323 -0.999819 
76 2341.98 2341.98 2000 1500 0 -30.3413 18.2671 0.4653 0.558635 -0.82941 -0.00237347 -0.829301 -0.55851 -0.0180701 0.0136619 0.0120629 -0.999834 
77 2341.98 2341.98 2000 1500 0 -20.7867 17.2217 0.352509 0.566285 -0.824202 0.00338065 -0.824027 -0.566242 -0.0186957 0.0173233 0.00780136 -0.99982 
78 2341.98 2341.98 2000 1500 0 -11.0746 16.857 0.609162 0.57239 -0.819977 0.00286858 -0.819813 -0.57234 -0.0182698 0.0166226 0.00810575 -0.999829 
79 2341.98 2341.98 2000 1500 0 -0.987767 16.3662 0.408582 0.576527 -0.817045 0.00732386 -0.816811 -0.576545 -0.0203751 0.0208699 0.00576459 -0.999766 
80 2341.98 2341.98 2000 1500 0 9.28165 16.0496 0.600314 0.582234 -0.812963 0.00968698 -0.812693 -0.582296 -0.0214765 0.0231003 0.00463181 -0.999722 
81 2341.98 2341.98 2000 1500 0 19.4064 16.191 0.68693 0.587565 -0.809057 0.0139142 -0.808719 -0.587724 -0.0235446 0.0272266 0.00258127 -0.999626 
82 2341.98 2341.98 2000 1500 0 29.0663 16.4474 0.849321 0.592158 -0.8057 0.0140197 -0.805346 -0.592316 -0.0240733 0.0277 0.00296447 -0.999612 
83 2341.98 2341.98 2000 1500 0 38.9862 16.8882 0.89172 0.595256 -0.803418 0.0137921 -0.803065 -0.595407 -0.0240268 0.0275155 0.00322613 -0.999616 
84 2341.98 2341.98 2000 1500 0 48.9593 17.3729 1.24252 0.59634 -0.802608 0.0141078 -0.80235 -0.596507 -0.0203545 0.0247521 0.000818837 -0.999693 
85 2341.98 2341.98 2000 1500 0 58.7761 17.6974 1.86986 0.595988 -0.802877 0.0136443 -0.80268 -0.596144 -0.0178096 0.0224329 -0.000337706 -0.999748 
86 2341.98 2341.98 2000 1500 0 60.6279 20.6811 2.53672 0.599994 -0.799858 0.0152873 -0.799608 -0.600189 -0.0200197 0.0251882 -0.000212092 -0.999683 
87 2341.98 2341.98 2000 1500 0 59.7993 29.7523 3.17746 0.6161 -0.78746 0.0180943 -0.787139 -0.616366 -0.0224984 0.0288693 -0.000381429 -0.999583 
88 2341.98 2341.98 2000 1500 0 53.5012 29.0108 2.68656 0.609674 -0.792444 0.0181586 -0.79209 -0.609944 -0.0237133 0.0298672 7.41621e-05 -0.999554 
89 2341.98 2341.98 2000 1500 0 44.2717 29.2026 1.8316 0.61719 -0.78659 0.018789 -0.786259 -0.617475 -0.0228369 0.029565 -0.000678325 -0.999563 
90 2341.98 2341.98 2000 1500 0 34.951 29.0425 1.28701 0.6195 -0.784745 0.0198646 -0.784504 -0.61981 -0.019721 0.0277882 -0.00336664 -0.999608 
91 2341.98 2341.98 2000 1500 0 25.2332 28.5847 0.827583 0.617943 -0.786027 0.0175504 -0.785852 -0.618183 -0.0169316 0.0241581 -0.00332921 -0.999703 
92 2341.98 2341.98 2000 1500 0 15.8017 28.207 0.501513 0.614594 -0.78865 0.0174494 -0.788534 -0.614822 -0.0143901 0.022077 -0.00491537 -0.999744 
93 2341.98 2341.98 2000 1500 0 6.67541 28.1819 0.593301 0.60821 -0.79359 0.0171806 -0.793482 -0.608431 -0.0140632 0.0216137 -0.00507908 -0.999753 
94 2341.98 2341.98 2000 1500 0 -2.90074 28.0594 0.539997 0.606682 -0.794771 0.0165888 -0.794661 -0.606891 -0.0140513 0.0212352 -0.0046578 -0.999764 
95 2341.98 2341.98 2000 1500 0 -12.4927 27.55 0.501888 0.607925 -0.79379 0.0180321 -0.79375 -0.608145 -0.0109985 0.0196966 -0.00762673 -0.999777 
96 2341.98 2341.98 2000 1500 0 -22.3598 27.3841 0.0729485 0.604486 -0.796458 0.0158607 -0.796417 -0.60466 -0.0103035 0.0177966 -0.00640335 -0.999821 
97 2341.98 2341.98 2000 1500 0 -32.3803 27.1047 0.117852 0.600549 -0.799528 0.00984873 -0.799398 -0.600629 -0.0144348 0.0174564 0.000795738 -0.999847 
98 2341.98 2341.98 2000 1500 0 -42.1781 26.9424 0.644249 0.592575 -0.805514 0.00141864 -0.80533 -0.592475 -0.020431 0.0172979 0.0109644 -0.99979 
99 2341.98 2341.98 2000 1500 0 -52.3832 26.9929 1.15958 0.590743 -0.806846 -0.0046896 -0.806712 -0.590513 -0.0225982 0.015464 0.0171329 -0.999734 
100 2341.98 2341.98 2000 1500 0 -60.7457 26.9411 1.41281 0.587929 -0.808893 -0.00566082 -0.808758 -0.587664 -0.0237116 0.0158535 0.0185189 -0.999703 
101 2341.98 2341.98 2000 1500 0 -61.8283 31.78 1.2462 0.596483 -0.802597 -0.0067502 -0.802438 -0.596141 -0.026632 0.0173507 0.0213021 -0.999623 
102 2341.98 2341.98 2000 1500 0 -60.4782 37.8827 1.27114 0.594235 -0.804284 -0.00350182 -0.804028 -0.593924 -0.0281582 0.0205674 0.0195481 -0.999597 
103 2341.98 2341.98 2000 1500 0 -52.1307 38.2069 0.291071 0.587744 -0.809046 0.00120182 -0.808677 -0.58752 -0.0293588 0.0244587 0.0162836 -0.999568 
104 2341.98 2341.98 2000 1500 0 -42.8129 38.7984 0.113706 0.584406 -0.811452 0.00397792 -0.811082 -0.584276 -0.0277123 0.0248114 0.0129688 -0.999608 
105 2341.98 2341.98 2000 1500 0 -33.081 38.9758 0.0379418 0.584895 -0.811083 0.00649626 -0.810734 -0.58485 -0.025727 0.024666 0.00978084 -0.999648 
106 2341.98 2341.98 2000 1500 0 -23.7352 39.0083 -0.00261608 0.585365 -0.81074 0.00695205 -0.810428 -0.585346 -0.0240184 0.023542 0.00842537 -0.999687 
107 2341.98 2341.98 2000 1500 0 -14.2313 38.9432 0.328519 0.58735 -0.809317 0.00518017 -0.809094 -0.587319 -0.0205706 0.0196905 0.00789087 -0.999775 
108 2341.98 2341.98 2000 1500 0 -4.2399 39.3723 -0.0116728 0.575063 -0.818103 0.00318162 -0.817894 -0.574997 -0.0206851 0.018752 0.00929301 -0.999781 
109 2341.98 2341.98 2000 1500 0 4.8976 38.8443 -0.00597236 0.585009 -0.811022 0.00269519 -0.810834 -0.584939 -0.019858 0.0176818 0.00943177 -0.999799 
110 2341.98 2341.98 2000 1500 0 15.003 38.6825 0.0981184 0.587099 -0.809509 0.00334322 -0.809326 -0.587045 -0.0192353 0.0175338 0.00858727 -0.999809 
111 2341.98 2341.98 2000 1500 0 26.3292 38.3498 0.182825 0.588046 -0.808756 0.0107112 -0.80852 -0.588136 -0.0197858 0.0223015 0.00297473 -0.999747 
112 2341.98 2341.98 2000 1500 0 35.1549 38.6035 0.380751 0.590061 -0.807259 0.0127095 -0.807034 -0.590197 -0.019086 0.0229084 0.00100494 -0.999737 
113 2341.98 2341.98 2000 1500 0 45.0542 38.8294 0.44541 0.593154 -0.804969 0.0139142 -0.804729 -0.593317 -0.0196379 0.0240635 0.0004511 -0.99971 
114 2341.98 2341.98 2000 1500 0 54.4666 39.0785 0.0364828 0.595373 -0.80341 0.00788574 -0.8032 -0.595405 -0.0190467 0.0199975 0.00500606 -0.999787 
115 2341.98 2341.98 2000 1500 0 60.4659 39.6216 -0.789866 0.589089 -0.808054 -0.00476091 -0.807994 -0.588945 -0.017005 0.0109371 0.0138643 -0.999844 
